1,1
1,3
1,4
1,5
1,6
1,7
1,8
1,9
1,10
1,11
1,12
1,13
1,14
1,15
1,16
1,17
1,18
1,19
1,20
1,21
1,22
1,23
1,24
1,25
1,26
1,27
1,28
1,29
1,30
1,31
1,32
1,33
1,34
1,35
1,36
1,37
1,38
1,39
1,42
1,43
1,44
1,45
1,46
1,47
1,48
1,49
1,50
1,51
1,52
1,53
1,54
1,55
1,56
1,57
1,58
1,59
1,60
1,61
1,62
1,63
1,64
1,65
1,66
1,68
1,69
1,70
1,71
1,72
1,73
1,74
1,75
1,76
1,77
1,79
1,80
1,81
1,82
1,83
1,84
1,85
1,86
1,87
1,88
1,89
1,90
1,91
1,92
1,93
1,94
1,95
1,96
1,97
1,98
1,99
1,100
1,108
1,110
1,112
1,113
1,114
1,115
1,116
1,117
1,118
1,120
1,127
1,128
1,129
1,130
1,132
1,133
1,134
1,135
1,136
1,137
1,138
1,139
1,140
1,141
1,142
1,143
1,144
1,145
1,146
1,147
1,148
1,149
1,150
1,152
1,153
1,160
1,168
1,169
1,170
1,171
1,172
1,173
1,174
2,1
2,3
2,4
2,5
2,6
2,7
2,8
2,9
2,10
2,11
2,12
2,13
2,14
2,15
2,16
2,17
2,18
2,19
2,20
2,21
2,22
2,23
2,24
2,25
2,26
2,27
2,28
2,29
2,30
2,31
2,32
2,33
2,34
2,35
2,36
2,37
2,38
2,39
2,42
2,43
2,44
2,45
2,46
2,47
2,48
2,49
2,50
2,51
2,52
2,53
2,54
2,55
2,56
2,57
2,58
2,59
2,60
2,61
2,62
2,63
2,64
2,65
2,66
2,68
2,69
2,70
2,71
2,72
2,73
2,74
2,75
2,76
2,77
2,79
2,80
2,81
2,82
2,83
2,84
2,85
2,86
2,87
2,88
2,89
2,90
2,91
2,92
2,93
2,94
2,95
2,96
2,97
2,98
2,99
2,100
2,108
2,110
2,112
2,113
2,114
2,115
2,116
2,117
2,118
2,120
2,127
2,128
2,129
2,130
2,132
2,133
2,134
2,135
2,136
2,137
2,138
2,139
2,140
2,141
2,142
2,143
2,144
2,145
2,146
2,147
2,148
2,149
2,150
2,152
2,153
2,168
2,169
2,170
2,171
2,172
2,173
2,174
3,1
3,3
3,4
3,5
3,6
3,7
3,8
3,9
3,10
3,11
3,12
3,13
3,14
3,15
3,16
3,17
3,18
3,19
3,20
3,21
3,22
3,23
3,24
3,25
3,26
3,27
3,28
3,29
3,30
3,31
3,32
3,33
3,34
3,35
3,36
3,37
3,38
3,39
3,42
3,43
3,44
3,45
3,46
3,47
3,48
3,49
3,50
3,51
3,52
3,53
3,54
3,55
3,56
3,57
3,58
3,59
3,60
3,61
3,62
3,63
3,64
3,65
3,66
3,68
3,69
3,70
3,71
3,72
3,73
3,74
3,75
3,76
3,77
3,79
3,80
3,81
3,82
3,83
3,84
3,85
3,86
3,87
3,88
3,89
3,90
3,91
3,92
3,93
3,94
3,95
3,96
3,97
3,98
3,99
3,100
3,108
3,110
3,112
3,113
3,114
3,115
3,116
3,117
3,118
3,120
3,127
3,128
3,129
3,130
3,132
3,133
3,134
3,135
3,136
3,137
3,138
3,139
3,140
3,141
3,142
3,143
3,144
3,145
3,146
3,147
3,148
3,149
3,150
3,152
3,153
3,154
3,155
3,159
3,161
3,163
3,164
4,1
4,3
4,4
4,5
4,6
4,7
4,8
4,9
4,10
4,11
4,12
4,13
4,14
4,15
4,16
4,17
4,18
4,19
4,20
4,21
4,22
4,23
4,24
4,25
4,26
4,27
4,28
4,29
4,30
4,31
4,32
4,33
4,34
4,35
4,36
4,37
4,38
4,39
4,42
4,43
4,44
4,45
4,46
4,47
4,48
4,49
4,50
4,51
4,52
4,53
4,54
4,55
4,56
4,57
4,58
4,59
4,60
4,61
4,62
4,63
4,64
4,65
4,66
4,68
4,69
4,70
4,71
4,72
4,73
4,74
4,75
4,76
4,77
4,79
4,80
4,81
4,82
4,83
4,84
4,85
4,86
4,87
4,88
4,89
4,90
4,91
4,92
4,93
4,94
4,95
4,96
4,97
4,98
4,99
4,100
4,108
4,110
4,112
4,113
4,114
4,115
4,116
4,117
4,118
4,120
4,127
4,128
4,129
4,130
4,132
4,133
4,134
4,135
4,136
4,137
4,138
4,139
4,140
4,141
4,142
4,143
4,144
4,145
4,146
4,147
4,148
4,149
4,150
4,152
4,153
4,154
4,155
4,159
4,161
4,163
4,164
4,168
4,169
4,170
4,171
4,172
4,173
4,174
5,1
5,3
5,4
5,5
5,6
5,7
5,8
5,9
5,10
5,11
5,12
5,13
5,14
5,15
5,16
5,17
5,18
5,19
5,20
5,21
5,22
5,23
5,24
5,25
5,26
5,27
5,28
5,29
5,30
5,31
5,32
5,33
5,34
5,35
5,36
5,37
5,38
5,39
5,42
5,43
5,44
5,45
5,46
5,47
5,48
5,49
5,50
5,51
5,52
5,53
5,54
5,55
5,56
5,57
5,58
5,59
5,60
5,61
5,62
5,63
5,64
5,65
5,66
5,68
5,69
5,70
5,71
5,72
5,73
5,74
5,75
5,76
5,77
5,79
5,80
5,81
5,82
5,83
5,84
5,85
5,86
5,87
5,88
5,89
5,90
5,91
5,92
5,93
5,94
5,95
5,96
5,97
5,98
5,99
5,100
5,108
5,110
5,112
5,113
5,114
5,115
5,116
5,117
5,118
5,120
5,127
5,128
5,129
5,130
5,132
5,133
5,134
5,135
5,136
5,137
5,138
5,139
5,140
5,141
5,142
5,143
5,144
5,145
5,146
5,147
5,148
5,149
5,150
5,152
5,153
5,154
5,155
5,159
5,161
5,163
5,164
5,168
5,169
5,170
5,171
5,172
5,173
5,174
6,1
6,3
6,4
6,5
6,6
6,7
6,8
6,9
6,10
6,11
6,12
6,13
6,14
6,15
6,16
6,17
6,18
6,19
6,20
6,21
6,22
6,23
6,24
6,25
6,26
6,27
6,28
6,29
6,30
6,31
6,32
6,33
6,34
6,35
6,36
6,37
6,38
6,39
6,42
6,43
6,44
6,45
6,46
6,47
6,48
6,49
6,50
6,51
6,52
6,53
6,54
6,55
6,56
6,57
6,58
6,59
6,60
6,61
6,62
6,63
6,64
6,65
6,66
6,68
6,69
6,70
6,71
6,72
6,73
6,74
6,75
6,76
6,77
6,79
6,80
6,81
6,82
6,83
6,84
6,85
6,86
6,87
6,88
6,89
6,90
6,91
6,92
6,93
6,94
6,95
6,96
6,97
6,98
6,99
6,100
6,108
6,110
6,112
6,113
6,114
6,115
6,116
6,117
6,118
6,120
6,127
6,128
6,129
6,130
6,132
6,133
6,134
6,135
6,136
6,137
6,138
6,139
6,140
6,141
6,142
6,143
6,144
6,145
6,146
6,147
6,148
6,149
6,150
6,152
6,153
6,154
6,155
6,159
6,161
6,163
6,164
6,168
6,169
6,170
6,171
6,172
6,173
6,174
7,1
7,3
7,4
7,5
7,17
7,20
7,21
7,22
7,23
7,24
7,25
7,26
7,27
7,28
7,29
7,30
7,31
7,32
7,33
7,34
7,35
7,36
7,37
7,38
7,39
7,42
7,43
7,44
7,45
7,46
7,47
7,48
7,49
7,50
7,51
7,52
7,53
7,54
7,55
7,56
7,57
7,58
7,59
7,60
7,61
7,62
7,63
7,64
7,65
7,66
7,68
7,69
7,70
7,71
7,72
7,73
7,74
7,75
7,76
7,77
7,79
7,80
7,81
7,82
7,83
7,84
7,85
7,86
7,87
7,88
7,89
7,90
7,91
7,93
7,94
7,95
7,96
7,97
7,98
7,99
7,100
7,110
7,112
7,113
7,114
7,115
7,116
7,117
7,120
7,127
7,128
7,129
7,130
7,132
7,133
7,134
7,135
7,136
7,137
7,138
7,139
7,140
7,141
7,145
7,146
7,147
7,148
7,149
7,152
7,168
7,169
7,170
7,171
7,172
7,173
7,174
8,42
8,43
8,44
8,45
8,46
8,47
8,48
8,49
8,50
8,51
8,52
8,53
8,54
8,55
8,56
8,57
8,58
8,59
8,60
8,61
8,62
8,63
8,64
8,65
8,66
8,68
8,69
8,70
8,71
8,72
8,73
8,74
8,75
8,76
8,77
8,79
8,80
8,81
8,82
8,83
8,84
8,85
8,87
8,88
8,91
8,99
8,100
8,113
8,114
8,115
8,117
8,120
8,127
8,128
8,129
8,130
8,132
8,133
8,134
8,135
8,136
8,137
8,138
8,139
8,140
8,141
8,148
8,149
8,152
8,168
8,169
8,170
8,171
8,172
8,173
8,174
9,42
9,43
9,44
9,45
9,46
9,47
9,48
9,49
9,50
9,51
9,52
9,53
9,54
9,55
9,56
9,57
9,58
9,59
9,60
9,61
9,62
9,63
9,64
9,65
9,66
9,68
9,69
9,70
9,71
9,72
9,73
9,74
9,75
9,76
9,77
9,79
9,80
9,81
9,82
9,83
9,84
9,85
9,87
9,88
9,91
9,99
9,100
9,113
9,114
9,115
9,117
9,120
9,127
9,128
9,129
9,130
9,132
9,133
9,134
9,135
9,136
9,137
9,138
9,139
9,140
9,141
9,148
9,152
9,168
9,169
9,170
9,171
9,172
9,173
9,174
10,127
10,128
10,152
11,127
11,128
11,152
12,81
13,148
14,140
15,135
16,96
17,16
18,18
19,88
20,37
20,38
20,94
21,20
21,21
21,93
22,136
23,133
24,85
25,139
26,22
26,23
26,24
26,86
27,31
27,32
27,98
28,141
29,80
29,130
30,29
30,30
30,95
30,102
31,6
31,7
31,8
31,92
33,137
34,87
35,134
36,79
36,115
37,9
37,10
37,118
38,113
39,83
39,120
40,131
41,35
41,36
41,97
42,112
43,128
44,25
44,26
44,90
44,101
45,33
45,34
45,89
46,138
47,91
47,129
48,82
49,119
49,126
50,88
51,82
52,87
53,81
54,85
55,37
55,38
55,94
56,96
57,33
57,34
57,89
58,113
59,16
60,18
61,6
61,7
61,8
61,92
63,0
63,9
63,10
63,118
64,35
64,36
64,97
65,21
65,93
66,22
66,23
66,24
66,86
67,25
67,26
67,90
68,29
68,30
68,95
69,31
69,32
69,98
70,112
71,110
72,127
73,128
73,159
74,83
75,80
75,130
76,91
76,129
77,79
77,115
78,1
78,3
78,4
78,5
78,6
78,7
78,8
78,9
78,10
78,11
78,12
78,13
78,14
78,15
78,16
78,17
78,18
78,19
78,20
78,21
78,22
78,23
78,24
78,25
78,26
78,27
78,28
78,29
78,30
78,31
78,32
78,33
78,34
78,35
78,36
78,37
78,38
78,39
78,42
78,43
78,44
78,45
78,46
78,47
78,48
78,49
78,50
78,51
78,52
78,53
78,54
78,55
78,56
78,57
78,58
78,59
78,60
78,61
78,62
78,63
78,64
78,65
78,66
78,68
78,69
78,70
78,71
78,72
78,73
78,74
78,75
78,76
78,77
78,79
78,80
78,81
78,82
78,83
78,84
78,85
78,86
78,87
78,88
78,89
78,90
78,91
78,92
78,93
78,94
78,95
78,96
78,97
78,98
78,99
78,100
78,108
78,110
78,112
78,113
78,114
78,115
78,116
78,117
78,118
78,120
78,127
78,128
78,129
78,130
78,132
78,133
78,134
78,135
78,136
78,137
78,138
78,139
78,140
78,141
78,142
78,143
78,144
78,145
78,146
78,147
78,148
78,149
78,150
78,152
78,153
78,154
78,155
78,159
78,161
78,168
78,169
78,170
78,171
78,172
78,173
78,174
79,1
79,3
79,4
79,5
79,6
79,7
79,8
79,9
79,10
79,11
79,12
79,13
79,14
79,15
79,16
79,17
79,18
79,19
79,20
79,21
79,22
79,23
79,24
79,25
79,26
79,27
79,28
79,29
79,30
79,31
79,32
79,33
79,34
79,35
79,36
79,37
79,38
79,39
79,42
79,43
79,44
79,45
79,46
79,47
79,48
79,49
79,50
79,51
79,52
79,53
79,54
79,55
79,56
79,57
79,58
79,59
79,60
79,61
79,62
79,63
79,64
79,65
79,66
79,68
79,69
79,70
79,71
79,72
79,73
79,74
79,75
79,76
79,77
79,79
79,80
79,81
79,82
79,83
79,84
79,85
79,86
79,87
79,88
79,89
79,90
79,91
79,92
79,93
79,94
79,95
79,96
79,97
79,98
79,99
79,100
79,108
79,110
79,112
79,113
79,114
79,115
79,116
79,117
79,118
79,120
79,127
79,128
79,129
79,130
79,132
79,133
79,134
79,135
79,136
79,137
79,138
79,139
79,140
79,141
79,142
79,143
79,144
79,145
79,146
79,147
79,148
79,149
79,150
79,152
79,153
79,154
79,155
79,159
79,161
79,168
79,169
79,170
79,171
79,172
79,173
79,174
80,1
80,3
80,4
80,5
80,6
80,7
80,8
80,9
80,10
80,11
80,12
80,13
80,14
80,15
80,16
80,17
80,18
80,19
80,20
80,21
80,22
80,23
80,24
80,25
80,26
80,27
80,28
80,29
80,30
80,31
80,32
80,33
80,34
80,35
80,36
80,37
80,38
80,39
80,42
80,43
80,44
80,45
80,46
80,47
80,48
80,49
80,50
80,51
80,52
80,53
80,54
80,55
80,56
80,57
80,58
80,59
80,60
80,61
80,62
80,63
80,64
80,65
80,66
80,68
80,69
80,70
80,71
80,72
80,73
80,74
80,75
80,76
80,77
80,79
80,80
80,81
80,82
80,83
80,84
80,85
80,86
80,87
80,88
80,89
80,90
80,91
80,92
80,93
80,94
80,95
80,96
80,97
80,98
80,99
80,100
80,108
80,110
80,112
80,113
80,114
80,115
80,116
80,117
80,118
80,120
80,127
80,128
80,129
80,130
80,132
80,133
80,134
80,135
80,136
80,137
80,138
80,139
80,140
80,141
80,142
80,143
80,144
80,145
80,146
80,147
80,148
80,149
80,150
80,152
80,153
80,154
80,155
80,159
80,161
80,168
80,169
80,170
80,171
80,172
80,173
80,174
81,1
81,3
81,4
81,5
81,6
81,7
81,8
81,9
81,10
81,11
81,12
81,13
81,14
81,15
81,16
81,17
81,18
81,19
81,20
81,21
81,22
81,23
81,24
81,25
81,26
81,27
81,28
81,29
81,30
81,31
81,32
81,33
81,34
81,35
81,36
81,37
81,38
81,39
81,42
81,43
81,44
81,45
81,46
81,47
81,48
81,49
81,50
81,51
81,52
81,53
81,54
81,55
81,56
81,57
81,58
81,59
81,60
81,61
81,62
81,63
81,64
81,65
81,66
81,68
81,69
81,70
81,71
81,72
81,73
81,74
81,75
81,76
81,77
81,79
81,80
81,81
81,82
81,83
81,84
81,85
81,86
81,87
81,88
81,89
81,90
81,91
81,92
81,93
81,94
81,95
81,96
81,97
81,98
81,99
81,100
81,108
81,110
81,112
81,113
81,114
81,115
81,116
81,117
81,118
81,120
81,127
81,128
81,129
81,130
81,132
81,133
81,134
81,135
81,136
81,137
81,138
81,139
81,140
81,141
81,142
81,143
81,144
81,145
81,146
81,147
81,148
81,149
81,150
81,152
81,153
81,154
81,155
81,159
81,161
81,168
81,169
81,170
81,171
81,172
81,173
81,174
82,1
82,3
82,4
82,5
82,6
82,7
82,8
82,9
82,10
82,11
82,12
82,13
82,14
82,15
82,16
82,17
82,18
82,19
82,20
82,21
82,22
82,23
82,24
82,25
82,26
82,27
82,28
82,29
82,30
82,31
82,32
82,33
82,34
82,35
82,36
82,37
82,38
82,39
82,42
82,43
82,44
82,45
82,46
82,47
82,48
82,49
82,50
82,51
82,52
82,53
82,54
82,55
82,56
82,57
82,58
82,59
82,60
82,61
82,62
82,63
82,64
82,65
82,66
82,68
82,69
82,70
82,71
82,72
82,73
82,74
82,75
82,76
82,77
82,79
82,80
82,81
82,82
82,83
82,84
82,85
82,86
82,87
82,88
82,89
82,90
82,91
82,92
82,93
82,94
82,95
82,96
82,97
82,98
82,99
82,100
82,108
82,110
82,112
82,113
82,114
82,115
82,116
82,117
82,118
82,120
82,127
82,128
82,129
82,130
82,132
82,133
82,134
82,135
82,136
82,137
82,138
82,139
82,140
82,141
82,142
82,143
82,144
82,145
82,146
82,147
82,148
82,149
82,150
82,152
82,153
82,154
82,155
82,159
82,161
82,168
82,169
82,170
82,171
82,172
82,173
82,174
83,1
83,3
83,4
83,5
83,6
83,7
83,8
83,9
83,10
83,11
83,12
83,13
83,14
83,15
83,16
83,17
83,18
83,19
83,20
83,21
83,22
83,23
83,24
83,25
83,26
83,27
83,28
83,29
83,30
83,31
83,32
83,33
83,34
83,35
83,36
83,37
83,38
83,39
83,42
83,43
83,44
83,45
83,46
83,47
83,48
83,49
83,50
83,51
83,52
83,53
83,54
83,55
83,56
83,57
83,58
83,59
83,60
83,61
83,62
83,63
83,64
83,65
83,66
83,68
83,69
83,70
83,71
83,72
83,73
83,74
83,75
83,76
83,77
83,79
83,80
83,81
83,82
83,83
83,84
83,85
83,86
83,87
83,88
83,89
83,90
83,91
83,92
83,93
83,94
83,95
83,96
83,97
83,98
83,99
83,100
83,108
83,110
83,112
83,113
83,114
83,115
83,116
83,117
83,118
83,120
83,127
83,128
83,129
83,130
83,132
83,133
83,134
83,135
83,136
83,137
83,138
83,139
83,140
83,141
83,142
83,143
83,144
83,145
83,146
83,147
83,148
83,149
83,150
83,152
83,153
83,154
83,155
83,159
83,161
83,163
83,164
83,168
83,169
83,170
83,171
83,172
83,173
83,174
84,1
84,3
84,4
84,5
84,6
84,7
84,8
84,9
84,10
84,11
84,12
84,13
84,14
84,15
84,16
84,17
84,18
84,19
84,20
84,21
84,22
84,23
84,24
84,25
84,26
84,27
84,28
84,29
84,30
84,31
84,32
84,33
84,34
84,35
84,36
84,37
84,38
84,39
84,42
84,43
84,44
84,45
84,46
84,47
84,48
84,49
84,50
84,51
84,52
84,53
84,54
84,55
84,56
84,57
84,58
84,59
84,60
84,61
84,62
84,63
84,64
84,65
84,66
84,68
84,69
84,70
84,71
84,72
84,73
84,74
84,75
84,76
84,77
84,79
84,80
84,81
84,82
84,83
84,84
84,85
84,86
84,87
84,88
84,89
84,90
84,91
84,92
84,93
84,94
84,95
84,96
84,97
84,98
84,99
84,100
84,108
84,110
84,112
84,113
84,114
84,115
84,116
84,117
84,118
84,120
84,127
84,128
84,129
84,130
84,132
84,133
84,134
84,135
84,136
84,137
84,138
84,139
84,140
84,141
84,142
84,143
84,144
84,145
84,146
84,147
84,148
84,149
84,150
84,152
84,153
84,154
84,155
84,159
84,161
84,163
84,164
84,168
84,169
84,170
84,171
84,172
84,173
84,174
85,1
85,3
85,4
85,5
85,6
85,7
85,8
85,9
85,10
85,11
85,12
85,13
85,14
85,15
85,16
85,17
85,18
85,19
85,20
85,21
85,22
85,23
85,24
85,25
85,26
85,27
85,28
85,29
85,30
85,31
85,32
85,33
85,34
85,35
85,36
85,37
85,38
85,39
85,42
85,43
85,44
85,45
85,46
85,47
85,48
85,49
85,50
85,51
85,52
85,53
85,54
85,55
85,56
85,57
85,58
85,59
85,60
85,61
85,62
85,63
85,64
85,65
85,66
85,68
85,69
85,70
85,71
85,72
85,73
85,74
85,75
85,76
85,77
85,79
85,80
85,81
85,82
85,83
85,84
85,85
85,86
85,87
85,88
85,89
85,90
85,91
85,92
85,93
85,94
85,95
85,96
85,97
85,98
85,99
85,100
85,108
85,110
85,112
85,113
85,114
85,115
85,116
85,117
85,118
85,120
85,127
85,128
85,129
85,130
85,132
85,133
85,134
85,135
85,136
85,137
85,138
85,139
85,140
85,141
85,142
85,143
85,144
85,145
85,146
85,147
85,148
85,149
85,150
85,152
85,153
85,154
85,155
85,159
85,161
85,163
85,164
85,168
85,169
85,170
85,171
85,172
85,173
85,174
86,1
86,3
86,4
86,5
86,6
86,7
86,8
86,9
86,10
86,11
86,12
86,13
86,14
86,15
86,16
86,17
86,18
86,19
86,20
86,21
86,22
86,23
86,24
86,25
86,26
86,27
86,28
86,29
86,30
86,31
86,32
86,33
86,34
86,35
86,36
86,37
86,38
86,39
86,42
86,43
86,44
86,45
86,46
86,47
86,48
86,49
86,50
86,51
86,52
86,53
86,54
86,55
86,56
86,57
86,58
86,59
86,60
86,61
86,62
86,63
86,64
86,65
86,66
86,68
86,69
86,70
86,71
86,72
86,73
86,74
86,75
86,76
86,77
86,79
86,80
86,81
86,82
86,83
86,84
86,85
86,86
86,87
86,88
86,89
86,90
86,91
86,92
86,93
86,94
86,95
86,96
86,97
86,98
86,99
86,100
86,108
86,110
86,112
86,113
86,114
86,115
86,116
86,117
86,118
86,120
86,127
86,128
86,129
86,130
86,132
86,133
86,134
86,135
86,136
86,137
86,138
86,139
86,140
86,141
86,142
86,143
86,144
86,145
86,146
86,147
86,148
86,149
86,150
86,152
86,153
86,154
86,155
86,159
86,161
86,163
86,164
86,168
86,169
86,170
86,171
86,172
86,173
86,174
87,1
87,3
87,4
87,5
87,6
87,7
87,8
87,9
87,10
87,11
87,12
87,13
87,14
87,15
87,16
87,17
87,18
87,19
87,20
87,21
87,22
87,23
87,24
87,25
87,26
87,27
87,28
87,29
87,30
87,31
87,32
87,33
87,34
87,35
87,36
87,37
87,38
87,39
87,42
87,43
87,44
87,45
87,46
87,47
87,48
87,49
87,50
87,51
87,52
87,53
87,54
87,55
87,56
87,57
87,58
87,59
87,60
87,61
87,62
87,63
87,64
87,65
87,66
87,68
87,69
87,70
87,71
87,72
87,73
87,74
87,75
87,76
87,77
87,79
87,80
87,81
87,82
87,83
87,84
87,85
87,86
87,87
87,88
87,89
87,90
87,91
87,92
87,93
87,94
87,95
87,96
87,97
87,98
87,99
87,100
87,108
87,110
87,112
87,113
87,114
87,115
87,116
87,117
87,118
87,120
87,127
87,128
87,129
87,130
87,132
87,133
87,134
87,135
87,136
87,137
87,138
87,139
87,140
87,141
87,142
87,143
87,144
87,145
87,146
87,147
87,148
87,149
87,150
87,152
87,153
87,154
87,155
87,159
87,161
87,163
87,164
87,168
87,169
87,170
87,171
87,172
87,173
87,174
88,1
88,3
88,4
88,5
88,6
88,7
88,8
88,9
88,10
88,11
88,12
88,13
88,14
88,15
88,16
88,17
88,18
88,19
88,20
88,21
88,22
88,23
88,24
88,25
88,26
88,27
88,28
88,29
88,30
88,31
88,32
88,33
88,34
88,35
88,36
88,37
88,38
88,39
88,42
88,43
88,44
88,45
88,46
88,47
88,48
88,49
88,50
88,51
88,52
88,53
88,54
88,55
88,56
88,57
88,58
88,59
88,60
88,61
88,62
88,63
88,64
88,65
88,66
88,68
88,69
88,70
88,71
88,72
88,73
88,74
88,75
88,76
88,77
88,79
88,80
88,81
88,82
88,83
88,84
88,85
88,86
88,87
88,88
88,89
88,90
88,91
88,92
88,93
88,94
88,95
88,96
88,97
88,98
88,99
88,100
88,108
88,110
88,111
88,112
88,113
88,114
88,115
88,116
88,117
88,118
88,120
88,127
88,128
88,129
88,130
88,132
88,133
88,134
88,135
88,136
88,137
88,138
88,139
88,140
88,141
88,142
88,143
88,144
88,145
88,146
88,147
88,148
88,149
88,150
88,151
88,152
88,153
88,154
88,155
88,159
88,160
88,161
88,163
88,164
88,168
88,169
88,170
88,171
88,172
88,173
88,174
89,1
89,3
89,4
89,5
89,6
89,7
89,8
89,9
89,10
89,11
89,12
89,13
89,14
89,15
89,16
89,17
89,18
89,19
89,20
89,21
89,22
89,23
89,24
89,25
89,26
89,27
89,28
89,29
89,30
89,31
89,32
89,33
89,34
89,35
89,36
89,37
89,38
89,39
89,42
89,43
89,44
89,45
89,46
89,47
89,48
89,49
89,50
89,51
89,52
89,53
89,54
89,55
89,56
89,57
89,58
89,59
89,60
89,61
89,62
89,63
89,64
89,65
89,66
89,68
89,69
89,70
89,71
89,72
89,73
89,74
89,75
89,76
89,77
89,79
89,80
89,81
89,82
89,83
89,84
89,85
89,86
89,87
89,88
89,89
89,90
89,91
89,92
89,93
89,94
89,95
89,96
89,97
89,98
89,99
89,100
89,108
89,110
89,111
89,112
89,113
89,114
89,115
89,116
89,117
89,118
89,120
89,127
89,128
89,129
89,130
89,132
89,133
89,134
89,135
89,136
89,137
89,138
89,139
89,140
89,141
89,142
89,143
89,144
89,145
89,146
89,147
89,148
89,149
89,150
89,151
89,152
89,153
89,154
89,155
89,159
89,160
89,161
89,163
89,164
89,168
89,169
89,170
89,171
89,172
89,173
89,174
90,1
90,3
90,4
90,5
90,6
90,7
90,8
90,9
90,10
90,11
90,12
90,13
90,14
90,15
90,16
90,17
90,18
90,19
90,20
90,21
90,22
90,23
90,24
90,25
90,26
90,27
90,28
90,29
90,30
90,31
90,32
90,33
90,34
90,35
90,36
90,37
90,38
90,39
90,42
90,43
90,44
90,45
90,46
90,47
90,48
90,49
90,50
90,51
90,52
90,53
90,54
90,55
90,56
90,57
90,58
90,59
90,60
90,61
90,62
90,63
90,64
90,65
90,66
90,68
90,69
90,70
90,71
90,72
90,73
90,74
90,75
90,76
90,77
90,79
90,80
90,81
90,82
90,83
90,84
90,85
90,86
90,87
90,88
90,89
90,90
90,91
90,92
90,93
90,94
90,95
90,96
90,97
90,98
90,99
90,100
90,108
90,110
90,111
90,112
90,113
90,114
90,115
90,116
90,117
90,118
90,120
90,127
90,128
90,129
90,130
90,132
90,133
90,134
90,135
90,136
90,137
90,138
90,139
90,140
90,141
90,142
90,143
90,144
90,145
90,146
90,147
90,148
90,149
90,150
90,151
90,152
90,153
90,154
90,155
90,159
90,160
90,161
90,163
90,164
90,168
90,169
90,170
90,171
90,172
90,173
90,174
91,1
91,3
91,4
91,5
91,6
91,7
91,8
91,9
91,10
91,11
91,12
91,13
91,14
91,15
91,16
91,17
91,18
91,19
91,20
91,21
91,22
91,23
91,24
91,25
91,26
91,27
91,28
91,29
91,30
91,31
91,32
91,33
91,34
91,35
91,36
91,37
91,38
91,39
91,42
91,43
91,44
91,45
91,46
91,47
91,48
91,49
91,50
91,51
91,52
91,53
91,54
91,55
91,56
91,57
91,58
91,59
91,60
91,61
91,62
91,63
91,64
91,65
91,66
91,68
91,69
91,70
91,71
91,72
91,73
91,74
91,75
91,76
91,77
91,79
91,80
91,81
91,82
91,83
91,84
91,85
91,86
91,87
91,88
91,89
91,90
91,91
91,92
91,93
91,94
91,95
91,96
91,97
91,98
91,99
91,100
91,108
91,110
91,111
91,112
91,113
91,114
91,115
91,116
91,117
91,118
91,120
91,127
91,128
91,129
91,130
91,132
91,133
91,134
91,135
91,136
91,137
91,138
91,139
91,140
91,141
91,142
91,143
91,144
91,145
91,146
91,147
91,148
91,149
91,150
91,151
91,152
91,153
91,154
91,155
91,159
91,160
91,161
91,163
91,164
91,168
91,169
91,170
91,171
91,172
91,173
91,174
92,1
92,3
92,4
92,5
92,6
92,7
92,8
92,9
92,10
92,11
92,12
92,13
92,14
92,15
92,16
92,17
92,18
92,19
92,20
92,21
92,22
92,23
92,24
92,25
92,26
92,27
92,28
92,29
92,30
92,31
92,32
92,33
92,34
92,35
92,36
92,37
92,38
92,39
92,42
92,43
92,44
92,45
92,46
92,47
92,48
92,49
92,50
92,51
92,52
92,53
92,54
92,55
92,56
92,57
92,58
92,59
92,60
92,61
92,62
92,63
92,64
92,65
92,66
92,68
92,69
92,70
92,71
92,72
92,73
92,74
92,75
92,76
92,77
92,79
92,80
92,81
92,82
92,83
92,84
92,85
92,86
92,87
92,88
92,89
92,90
92,91
92,92
92,93
92,94
92,95
92,96
92,97
92,98
92,99
92,100
92,108
92,110
92,111
92,112
92,113
92,114
92,115
92,116
92,117
92,118
92,120
92,127
92,128
92,129
92,130
92,132
92,133
92,134
92,135
92,136
92,137
92,138
92,139
92,140
92,141
92,142
92,143
92,144
92,145
92,146
92,147
92,148
92,149
92,150
92,151
92,152
92,153
92,154
92,155
92,159
92,160
92,161
92,163
92,164
92,168
92,169
92,170
92,171
92,172
92,173
92,174
93,1
93,3
93,4
93,5
93,6
93,7
93,8
93,9
93,10
93,11
93,12
93,13
93,14
93,15
93,16
93,17
93,18
93,19
93,20
93,21
93,22
93,23
93,24
93,25
93,26
93,27
93,28
93,29
93,30
93,31
93,32
93,33
93,34
93,35
93,36
93,37
93,38
93,39
93,42
93,43
93,44
93,45
93,46
93,47
93,48
93,49
93,50
93,51
93,52
93,53
93,54
93,55
93,56
93,57
93,58
93,59
93,60
93,61
93,62
93,63
93,64
93,65
93,66
93,68
93,69
93,70
93,71
93,72
93,73
93,74
93,75
93,76
93,77
93,79
93,80
93,81
93,82
93,83
93,84
93,85
93,86
93,87
93,88
93,89
93,90
93,91
93,92
93,93
93,94
93,95
93,96
93,97
93,98
93,99
93,100
93,108
93,110
93,112
93,113
93,114
93,115
93,116
93,117
93,118
93,120
93,127
93,128
93,129
93,130
93,132
93,133
93,134
93,135
93,136
93,137
93,138
93,139
93,140
93,141
93,142
93,143
93,144
93,145
93,146
93,147
93,148
93,149
93,150
93,152
93,153
93,154
93,155
93,159
93,161
93,163
93,164
93,168
93,169
93,170
93,171
93,172
93,173
93,174
94,1
94,3
94,4
94,5
94,6
94,7
94,8
94,9
94,10
94,11
94,12
94,13
94,14
94,15
94,16
94,17
94,18
94,19
94,20
94,21
94,22
94,23
94,24
94,25
94,26
94,27
94,28
94,29
94,30
94,31
94,32
94,33
94,34
94,35
94,36
94,37
94,38
94,39
94,42
94,43
94,44
94,45
94,46
94,47
94,48
94,49
94,50
94,51
94,52
94,53
94,54
94,55
94,56
94,57
94,58
94,59
94,60
94,61
94,62
94,63
94,64
94,65
94,66
94,68
94,69
94,70
94,71
94,72
94,73
94,74
94,75
94,76
94,77
94,79
94,80
94,81
94,82
94,83
94,84
94,85
94,86
94,87
94,88
94,89
94,90
94,91
94,92
94,93
94,94
94,95
94,96
94,97
94,98
94,99
94,100
94,108
94,110
94,112
94,113
94,114
94,115
94,116
94,117
94,118
94,120
94,127
94,128
94,129
94,130
94,132
94,133
94,134
94,135
94,136
94,137
94,138
94,139
94,140
94,141
94,142
94,143
94,144
94,145
94,146
94,147
94,148
94,149
94,150
94,152
94,153
94,154
94,155
94,159
94,161
94,163
94,164
94,168
94,169
94,170
94,171
94,172
94,173
94,174
95,1
95,3
95,4
95,5
95,6
95,7
95,8
95,9
95,10
95,11
95,12
95,13
95,14
95,15
95,16
95,17
95,18
95,19
95,20
95,21
95,22
95,23
95,24
95,25
95,26
95,27
95,28
95,29
95,30
95,31
95,32
95,33
95,34
95,35
95,36
95,37
95,38
95,39
95,42
95,43
95,44
95,45
95,46
95,47
95,48
95,49
95,50
95,51
95,52
95,53
95,54
95,55
95,56
95,57
95,58
95,59
95,60
95,61
95,62
95,63
95,64
95,65
95,66
95,68
95,69
95,70
95,71
95,72
95,73
95,74
95,75
95,76
95,77
95,79
95,80
95,81
95,82
95,83
95,84
95,85
95,86
95,87
95,88
95,89
95,90
95,91
95,92
95,93
95,94
95,95
95,96
95,97
95,98
95,99
95,100
95,108
95,110
95,112
95,113
95,114
95,115
95,116
95,117
95,118
95,120
95,127
95,128
95,129
95,130
95,132
95,133
95,134
95,135
95,136
95,137
95,138
95,139
95,140
95,141
95,142
95,143
95,144
95,145
95,146
95,147
95,148
95,149
95,150
95,152
95,153
95,154
95,155
95,159
95,161
95,163
95,164
95,168
95,169
95,170
95,171
95,172
95,173
95,174
96,1
96,3
96,4
96,5
96,6
96,7
96,8
96,9
96,10
96,11
96,12
96,13
96,14
96,15
96,16
96,17
96,18
96,19
96,20
96,21
96,22
96,23
96,24
96,25
96,26
96,27
96,28
96,29
96,30
96,31
96,32
96,33
96,34
96,35
96,36
96,37
96,38
96,39
96,42
96,43
96,44
96,45
96,46
96,47
96,48
96,49
96,50
96,51
96,52
96,53
96,54
96,55
96,56
96,57
96,58
96,59
96,60
96,61
96,62
96,63
96,64
96,65
96,66
96,68
96,69
96,70
96,71
96,72
96,73
96,74
96,75
96,76
96,77
96,79
96,80
96,81
96,82
96,83
96,84
96,85
96,86
96,87
96,88
96,89
96,90
96,91
96,92
96,93
96,94
96,95
96,96
96,97
96,98
96,99
96,100
96,108
96,110
96,112
96,113
96,114
96,115
96,116
96,117
96,118
96,120
96,127
96,128
96,129
96,130
96,132
96,133
96,134
96,135
96,136
96,137
96,138
96,139
96,140
96,141
96,142
96,143
96,144
96,145
96,146
96,147
96,148
96,149
96,150
96,152
96,153
96,154
96,155
96,159
96,161
96,163
96,164
96,168
96,169
96,170
96,171
96,172
96,173
96,174
97,1
97,3
97,4
97,5
97,6
97,7
97,8
97,9
97,10
97,11
97,12
97,13
97,14
97,15
97,16
97,17
97,18
97,19
97,20
97,21
97,22
97,23
97,24
97,25
97,26
97,27
97,28
97,29
97,30
97,31
97,32
97,33
97,34
97,35
97,36
97,37
97,38
97,39
97,42
97,43
97,44
97,45
97,46
97,47
97,48
97,49
97,50
97,51
97,52
97,53
97,54
97,55
97,56
97,57
97,58
97,59
97,60
97,61
97,62
97,63
97,64
97,65
97,66
97,68
97,69
97,70
97,71
97,72
97,73
97,74
97,75
97,76
97,77
97,79
97,80
97,81
97,82
97,83
97,84
97,85
97,86
97,87
97,88
97,89
97,90
97,91
97,92
97,93
97,94
97,95
97,96
97,97
97,98
97,99
97,100
97,108
97,110
97,112
97,113
97,114
97,115
97,116
97,117
97,118
97,120
97,127
97,128
97,129
97,130
97,132
97,133
97,134
97,135
97,136
97,137
97,138
97,139
97,140
97,141
97,142
97,143
97,144
97,145
97,146
97,147
97,148
97,149
97,150
97,152
97,153
97,154
97,155
97,159
97,161
97,163
97,164
97,168
97,169
97,170
97,171
97,172
97,173
97,174
98,1
98,3
98,4
98,5
98,6
98,7
98,8
98,9
98,10
98,11
98,12
98,13
98,14
98,15
98,16
98,17
98,18
98,19
98,20
98,21
98,22
98,23
98,24
98,25
98,26
98,27
98,28
98,29
98,30
98,31
98,32
98,33
98,34
98,35
98,36
98,37
98,38
98,39
98,42
98,43
98,44
98,45
98,46
98,47
98,48
98,49
98,50
98,51
98,52
98,53
98,54
98,55
98,56
98,57
98,58
98,59
98,60
98,61
98,62
98,63
98,64
98,65
98,66
98,68
98,69
98,70
98,71
98,72
98,73
98,74
98,75
98,76
98,77
98,79
98,80
98,81
98,82
98,83
98,84
98,85
98,86
98,87
98,88
98,89
98,90
98,91
98,92
98,93
98,94
98,95
98,96
98,97
98,98
98,99
98,100
98,108
98,110
98,112
98,113
98,114
98,115
98,116
98,117
98,118
98,120
98,127
98,128
98,129
98,130
98,132
98,133
98,134
98,135
98,136
98,137
98,138
98,139
98,140
98,141
98,142
98,143
98,144
98,145
98,146
98,147
98,148
98,149
98,150
98,152
98,153
98,154
98,155
98,159
98,161
98,163
98,164
98,168
98,169
98,170
98,171
98,172
98,173
98,174
99,136
100,132
100,161
101,135
102,134
103,137
104,141
105,138
106,133
107,140
108,139
109,42
109,43
109,44
109,45
110,51
110,52
110,53
110,54
111,56
111,57
111,58
111,59
111,60
112,61
112,62
112,63
112,64
113,65
114,66
114,68
114,69
114,70
115,71
116,72
116,73
117,74
117,75
117,76
117,77
118,132
118,133
118,134
118,135
118,136
118,137
118,138
118,139
118,140
118,141
118,161
118,168
118,169
118,170
118,171
118,172
118,173
118,174
119,132
119,133
119,134
119,135
119,136
119,137
119,138
119,139
119,140
119,141
119,161
119,168
119,169
119,170
119,171
119,172
119,173
119,174
120,132
120,133
120,134
120,135
120,136
120,137
120,138
120,139
120,140
120,141
120,161
120,168
120,169
120,170
120,171
120,172
120,173
120,174
121,132
121,133
121,134
121,135
121,136
121,137
121,138
121,139
121,140
121,141
121,161
121,168
121,169
121,170
121,171
121,172
121,173
121,174
122,132
122,133
122,134
122,135
122,136
122,137
122,138
122,139
122,140
122,141
122,161
122,168
122,169
122,170
122,171
122,172
122,173
122,174
123,46
123,47
123,48
123,49
123,50
123,84
123,114
124,1
124,3
124,4
124,5
124,6
124,7
124,8
124,9
124,10
124,11
124,12
124,13
124,14
124,15
124,16
124,17
124,18
124,19
124,20
124,21
124,22
124,23
124,24
124,25
124,26
124,27
124,28
124,29
124,30
124,31
124,32
124,33
124,34
124,35
124,36
124,37
124,38
124,39
124,42
124,43
124,44
124,45
124,46
124,47
124,48
124,49
124,50
124,51
124,52
124,53
124,54
124,55
124,56
124,57
124,58
124,59
124,60
124,61
124,62
124,63
124,64
124,65
124,66
124,68
124,69
124,70
124,71
124,72
124,73
124,74
124,75
124,76
124,77
124,79
124,80
124,81
124,82
124,83
124,84
124,85
124,86
124,87
124,88
124,89
124,90
124,91
124,92
124,93
124,94
124,95
124,96
124,97
124,98
124,99
124,100
124,108
124,110
124,112
124,113
124,114
124,115
124,116
124,117
124,118
124,120
124,127
124,128
124,129
124,130
124,132
124,133
124,134
124,135
124,136
124,137
124,138
124,139
124,140
124,141
124,142
124,143
124,144
124,145
124,146
124,147
124,148
124,149
124,150
124,152
124,153
124,154
124,155
124,159
124,161
124,163
124,164
124,168
124,169
124,170
124,171
124,172
124,173
124,174
125,1
125,3
125,4
125,5
125,6
125,7
125,8
125,9
125,10
125,11
125,12
125,13
125,14
125,15
125,16
125,17
125,18
125,19
125,20
125,21
125,22
125,23
125,24
125,25
125,26
125,27
125,28
125,29
125,30
125,31
125,32
125,33
125,34
125,35
125,36
125,37
125,38
125,39
125,42
125,43
125,44
125,45
125,46
125,47
125,48
125,49
125,50
125,51
125,52
125,53
125,54
125,55
125,56
125,57
125,58
125,59
125,60
125,61
125,62
125,63
125,64
125,65
125,66
125,68
125,69
125,70
125,71
125,72
125,73
125,74
125,75
125,76
125,77
125,79
125,80
125,81
125,82
125,83
125,84
125,85
125,86
125,87
125,88
125,89
125,90
125,91
125,92
125,93
125,94
125,95
125,96
125,97
125,98
125,99
125,100
125,108
125,110
125,112
125,113
125,114
125,115
125,116
125,117
125,118
125,120
125,127
125,128
125,129
125,130
125,132
125,133
125,134
125,135
125,136
125,137
125,138
125,139
125,140
125,141
125,142
125,143
125,144
125,145
125,146
125,147
125,148
125,149
125,150
125,152
125,153
125,154
125,155
125,159
125,161
125,163
125,164
125,168
125,169
125,170
125,171
125,172
125,173
125,174
126,1
126,3
126,4
126,5
126,6
126,7
126,8
126,9
126,10
126,11
126,12
126,13
126,14
126,15
126,16
126,17
126,18
126,19
126,20
126,21
126,22
126,23
126,24
126,25
126,26
126,27
126,28
126,29
126,30
126,31
126,32
126,33
126,34
126,35
126,36
126,37
126,38
126,39
126,42
126,43
126,44
126,45
126,46
126,47
126,48
126,49
126,50
126,51
126,52
126,53
126,54
126,55
126,56
126,57
126,58
126,59
126,60
126,61
126,62
126,63
126,64
126,65
126,66
126,68
126,69
126,70
126,71
126,72
126,73
126,74
126,75
126,76
126,77
126,79
126,80
126,81
126,82
126,83
126,84
126,85
126,86
126,87
126,88
126,89
126,90
126,91
126,92
126,93
126,94
126,95
126,96
126,97
126,98
126,99
126,100
126,108
126,110
126,112
126,113
126,114
126,115
126,116
126,117
126,118
126,120
126,127
126,128
126,129
126,130
126,132
126,133
126,134
126,135
126,136
126,137
126,138
126,139
126,140
126,141
126,142
126,143
126,144
126,145
126,146
126,147
126,148
126,149
126,150
126,152
126,153
126,154
126,155
126,159
126,161
126,163
126,164
126,168
126,169
126,170
126,171
126,172
126,173
126,174
127,1
127,3
127,4
127,5
127,6
127,7
127,8
127,9
127,10
127,11
127,12
127,13
127,14
127,15
127,16
127,17
127,18
127,19
127,20
127,21
127,22
127,23
127,24
127,25
127,26
127,27
127,28
127,29
127,30
127,31
127,32
127,33
127,34
127,35
127,36
127,37
127,38
127,39
127,42
127,43
127,44
127,45
127,46
127,47
127,48
127,49
127,50
127,51
127,52
127,53
127,54
127,55
127,56
127,57
127,58
127,59
127,60
127,61
127,62
127,63
127,64
127,65
127,66
127,68
127,69
127,70
127,71
127,72
127,73
127,74
127,75
127,76
127,77
127,79
127,80
127,81
127,82
127,83
127,84
127,85
127,86
127,87
127,88
127,89
127,90
127,91
127,92
127,93
127,94
127,95
127,96
127,97
127,98
127,99
127,100
127,108
127,110
127,112
127,113
127,114
127,115
127,116
127,117
127,118
127,120
127,127
127,128
127,129
127,130
127,132
127,133
127,134
127,135
127,136
127,137
127,138
127,139
127,140
127,141
127,142
127,143
127,144
127,145
127,146
127,147
127,148
127,149
127,150
127,152
127,153
127,154
127,155
127,159
127,161
127,163
127,164
127,168
127,169
127,170
127,171
127,172
127,173
127,174
128,1
128,3
128,4
128,5
128,6
128,7
128,8
128,9
128,10
128,11
128,12
128,13
128,14
128,15
128,16
128,17
128,18
128,19
128,20
128,21
128,22
128,23
128,24
128,25
128,26
128,27
128,28
128,29
128,30
128,31
128,32
128,33
128,34
128,35
128,36
128,37
128,38
128,39
128,42
128,43
128,44
128,45
128,46
128,47
128,48
128,49
128,50
128,51
128,52
128,53
128,54
128,55
128,56
128,57
128,58
128,59
128,60
128,61
128,62
128,63
128,64
128,65
128,66
128,68
128,69
128,70
128,71
128,72
128,73
128,74
128,75
128,76
128,77
128,79
128,80
128,81
128,82
128,83
128,84
128,85
128,86
128,87
128,88
128,89
128,90
128,91
128,92
128,93
128,94
128,95
128,96
128,97
128,98
128,99
128,100
128,108
128,110
128,112
128,113
128,114
128,115
128,116
128,117
128,118
128,120
128,127
128,128
128,129
128,130
128,132
128,133
128,134
128,135
128,136
128,137
128,138
128,139
128,140
128,141
128,142
128,143
128,144
128,145
128,146
128,147
128,148
128,149
128,150
128,152
128,153
128,154
128,155
128,159
128,161
128,163
128,164
128,168
128,169
128,170
128,171
128,172
128,173
128,174
129,1
129,3
129,4
129,5
129,6
129,7
129,8
129,9
129,10
129,11
129,12
129,13
129,14
129,15
129,16
129,17
129,18
129,19
129,20
129,21
129,22
129,23
129,24
129,25
129,26
129,27
129,28
129,29
129,30
129,31
129,32
129,33
129,34
129,35
129,36
129,37
129,38
129,39
129,42
129,43
129,44
129,45
129,46
129,47
129,48
129,49
129,50
129,51
129,52
129,53
129,54
129,55
129,56
129,57
129,58
129,59
129,60
129,61
129,62
129,63
129,64
129,65
129,66
129,68
129,69
129,70
129,71
129,72
129,73
129,74
129,75
129,76
129,77
129,79
129,80
129,81
129,82
129,83
129,84
129,85
129,86
129,87
129,88
129,89
129,90
129,91
129,92
129,93
129,94
129,95
129,96
129,97
129,98
129,99
129,100
129,108
129,110
129,112
129,113
129,114
129,115
129,116
129,117
129,118
129,120
129,127
129,128
129,129
129,130
129,132
129,133
129,134
129,135
129,136
129,137
129,138
129,139
129,140
129,141
129,142
129,143
129,144
129,145
129,146
129,147
129,148
129,149
129,150
129,152
129,153
129,154
129,155
129,159
129,161
129,163
129,164
129,168
129,169
129,170
129,171
129,172
129,173
129,174
130,1
130,3
130,4
130,5
130,6
130,7
130,8
130,9
130,10
130,11
130,12
130,13
130,14
130,15
130,16
130,17
130,18
130,19
130,20
130,21
130,22
130,23
130,24
130,25
130,26
130,27
130,28
130,29
130,30
130,31
130,32
130,33
130,34
130,35
130,36
130,37
130,38
130,39
130,42
130,43
130,44
130,45
130,46
130,47
130,48
130,49
130,50
130,51
130,52
130,53
130,54
130,55
130,56
130,57
130,58
130,59
130,60
130,61
130,62
130,63
130,64
130,65
130,66
130,68
130,69
130,70
130,71
130,72
130,73
130,74
130,75
130,76
130,77
130,79
130,80
130,81
130,82
130,83
130,84
130,85
130,86
130,87
130,88
130,89
130,90
130,91
130,92
130,93
130,94
130,95
130,96
130,97
130,98
130,99
130,100
130,108
130,110
130,112
130,113
130,114
130,115
130,116
130,117
130,118
130,120
130,127
130,128
130,129
130,130
130,132
130,133
130,134
130,135
130,136
130,137
130,138
130,139
130,140
130,141
130,142
130,143
130,144
130,145
130,146
130,147
130,148
130,149
130,150
130,152
130,153
130,154
130,155
130,159
130,161
130,163
130,164
130,168
130,169
130,170
130,171
130,172
130,173
130,174
131,1
131,3
131,4
131,5
131,6
131,7
131,8
131,9
131,10
131,11
131,12
131,13
131,14
131,15
131,16
131,17
131,18
131,19
131,20
131,21
131,22
131,23
131,24
131,25
131,26
131,27
131,28
131,29
131,30
131,31
131,32
131,33
131,34
131,35
131,36
131,37
131,38
131,39
131,42
131,43
131,44
131,45
131,46
131,47
131,48
131,49
131,50
131,51
131,52
131,53
131,54
131,55
131,56
131,57
131,58
131,59
131,60
131,61
131,62
131,63
131,64
131,65
131,66
131,68
131,69
131,70
131,71
131,72
131,73
131,74
131,75
131,76
131,77
131,79
131,80
131,81
131,82
131,83
131,84
131,85
131,86
131,87
131,88
131,89
131,90
131,91
131,92
131,93
131,94
131,95
131,96
131,97
131,98
131,99
131,100
131,108
131,110
131,112
131,113
131,114
131,115
131,116
131,117
131,118
131,120
131,127
131,128
131,129
131,130
131,132
131,133
131,134
131,135
131,136
131,137
131,138
131,139
131,140
131,141
131,142
131,143
131,144
131,145
131,146
131,147
131,148
131,149
131,150
131,152
131,153
131,154
131,155
131,159
131,161
131,163
131,164
131,168
131,169
131,170
131,171
131,172
131,173
131,174
132,1
132,3
132,4
132,5
132,6
132,7
132,8
132,9
132,10
132,11
132,12
132,13
132,14
132,15
132,16
132,17
132,18
132,19
132,20
132,21
132,22
132,23
132,24
132,25
132,26
132,27
132,28
132,29
132,30
132,31
132,32
132,33
132,34
132,35
132,36
132,37
132,38
132,39
132,42
132,43
132,44
132,45
132,46
132,47
132,48
132,49
132,50
132,51
132,52
132,53
132,54
132,55
132,56
132,57
132,58
132,59
132,60
132,61
132,62
132,63
132,64
132,65
132,66
132,68
132,69
132,70
132,71
132,72
132,73
132,74
132,75
132,76
132,77
132,79
132,80
132,81
132,82
132,83
132,84
132,85
132,86
132,87
132,88
132,89
132,90
132,91
132,92
132,93
132,94
132,95
132,96
132,97
132,98
132,99
132,100
132,108
132,110
132,112
132,113
132,114
132,115
132,116
132,117
132,118
132,120
132,127
132,128
132,129
132,130
132,132
132,133
132,134
132,135
132,136
132,137
132,138
132,139
132,140
132,141
132,142
132,143
132,144
132,145
132,146
132,147
132,148
132,149
132,150
132,152
132,153
132,154
132,155
132,159
132,161
132,163
132,164
132,168
132,169
132,170
132,171
132,172
132,173
132,174
133,1
133,3
133,4
133,5
133,6
133,7
133,8
133,9
133,10
133,11
133,12
133,13
133,14
133,15
133,16
133,17
133,18
133,19
133,20
133,21
133,22
133,23
133,24
133,25
133,26
133,27
133,28
133,29
133,30
133,31
133,32
133,33
133,34
133,35
133,36
133,37
133,38
133,39
133,42
133,43
133,44
133,45
133,46
133,47
133,48
133,49
133,50
133,51
133,52
133,53
133,54
133,55
133,56
133,57
133,58
133,59
133,60
133,61
133,62
133,63
133,64
133,65
133,66
133,68
133,69
133,70
133,71
133,72
133,73
133,74
133,75
133,76
133,77
133,79
133,80
133,81
133,82
133,83
133,84
133,85
133,86
133,87
133,88
133,89
133,90
133,91
133,92
133,93
133,94
133,95
133,96
133,97
133,98
133,99
133,100
133,108
133,110
133,112
133,113
133,114
133,115
133,116
133,117
133,118
133,120
133,127
133,128
133,129
133,130
133,132
133,133
133,134
133,135
133,136
133,137
133,138
133,139
133,140
133,141
133,142
133,143
133,144
133,145
133,146
133,147
133,148
133,149
133,150
133,152
133,153
133,154
133,155
133,159
133,161
133,163
133,164
133,168
133,169
133,170
133,171
133,172
133,173
133,174
134,15
135,28
141,158
142,157
143,156
144,155
145,154
146,149
147,148
148,147
149,146
150,145
151,144
152,143
153,142
154,111
154,151
154,160
165,111
165,151
165,160
166,111
166,151
166,160
167,111
167,151
167,160
168,111
168,151
168,160
169,111
169,151
169,160
